"rt","time_elapsed","subject","subID","group","day","trialType","phase","key_press","stim","stimNum","corrresp","hierarchy","trialNum","corr","responses"
"8975.5","8979","HierDyur4yhlzo","sub02","02","3","","","","","","","","","",""
"","13174","HierDyur4yhlzo","sub02","02","3","fullscreen","","","","","","","","",""
"16011.20000000298","29187","HierDyur4yhlzo","sub02","02","3","","prac","","","","","","","",""
"4573.0999999940395","33764","HierDyur4yhlzo","sub02","02","3","","","32","","","","","","",""
"1990.5999999940395","35755","HierDyur4yhlzo","sub02","02","3","","prac","","","","","","","",""
"1570.3999999910593","37329","HierDyur4yhlzo","sub02","02","3","rl","test","72","img/o_t_check.png","5","72","color,shape,pattern","1","1",""
"null","38337","HierDyur4yhlzo","sub02","02","3","feedback","test","null","","","na","","1","",""
"667.7999999970198","39007","HierDyur4yhlzo","sub02","02","3","rl","test","65","img/p_t_check.png","1","65","color,shape,pattern","2","1",""
"null","40012","HierDyur4yhlzo","sub02","02","3","feedback","test","null","","","na","","2","",""
"870.0999999940395","40884","HierDyur4yhlzo","sub02","02","3","rl","test","70","img/p_d_diag.png","4","70","color,shape,pattern","3","1",""
"null","41891","HierDyur4yhlzo","sub02","02","3","feedback","test","null","","","na","","3","",""
"1315.7000000029802","43209","HierDyur4yhlzo","sub02","02","3","rl","test","74","img/o_t_diag.png","6","74","color,shape,pattern","4","1",""
"null","44211","HierDyur4yhlzo","sub02","02","3","feedback","test","null","","","na","","4","",""
"936.6000000089407","45150","HierDyur4yhlzo","sub02","02","3","rl","test","68","img/p_d_check.png","3","68","color,shape,pattern","5","1",""
"null","46155","HierDyur4yhlzo","sub02","02","3","feedback","test","null","","","na","","5","",""
"840.2999999970198","46997","HierDyur4yhlzo","sub02","02","3","rl","test","83","img/p_t_diag.png","2","83","color,shape,pattern","6","1",""
"null","48004","HierDyur4yhlzo","sub02","02","3","feedback","test","null","","","na","","6","",""
"973.4000000059605","48979","HierDyur4yhlzo","sub02","02","3","rl","test","75","img/o_d_check.png","7","75","color,shape,pattern","7","1",""
"null","49981","HierDyur4yhlzo","sub02","02","3","feedback","test","null","","","na","","7","",""
"1310.7000000029802","51294","HierDyur4yhlzo","sub02","02","3","rl","test","68","img/p_d_check.png","3","68","color,shape,pattern","8","1",""
"null","52300","HierDyur4yhlzo","sub02","02","3","feedback","test","null","","","na","","8","",""
"818","53120","HierDyur4yhlzo","sub02","02","3","rl","test","76","img/o_d_diag.png","8","76","color,shape,pattern","9","1",""
"null","54127","HierDyur4yhlzo","sub02","02","3","feedback","test","null","","","na","","9","",""
"564.3999999910593","54693","HierDyur4yhlzo","sub02","02","3","rl","test","76","img/o_d_diag.png","8","76","color,shape,pattern","10","1",""
"null","55698","HierDyur4yhlzo","sub02","02","3","feedback","test","null","","","na","","10","",""
"1907.5","57608","HierDyur4yhlzo","sub02","02","3","rl","test","83","img/p_t_diag.png","2","83","color,shape,pattern","11","1",""
"null","58611","HierDyur4yhlzo","sub02","02","3","feedback","test","null","","","na","","11","",""
"778.7999999970198","59392","HierDyur4yhlzo","sub02","02","3","rl","test","72","img/o_t_check.png","5","72","color,shape,pattern","12","1",""
"null","60399","HierDyur4yhlzo","sub02","02","3","feedback","test","null","","","na","","12","",""
"723.2000000029802","61124","HierDyur4yhlzo","sub02","02","3","rl","test","75","img/o_d_check.png","7","75","color,shape,pattern","13","1",""
"null","62131","HierDyur4yhlzo","sub02","02","3","feedback","test","null","","","na","","13","",""
"1035.2000000029802","63168","HierDyur4yhlzo","sub02","02","3","rl","test","74","img/o_t_diag.png","6","74","color,shape,pattern","14","1",""
"null","64173","HierDyur4yhlzo","sub02","02","3","feedback","test","null","","","na","","14","",""
"909.9000000059605","65085","HierDyur4yhlzo","sub02","02","3","rl","test","65","img/p_t_check.png","1","65","color,shape,pattern","15","1",""
"null","66087","HierDyur4yhlzo","sub02","02","3","feedback","test","null","","","na","","15","",""
"692.4000000059605","66782","HierDyur4yhlzo","sub02","02","3","rl","test","70","img/p_d_diag.png","4","70","color,shape,pattern","16","1",""
"null","67788","HierDyur4yhlzo","sub02","02","3","feedback","test","null","","","na","","16","",""
"1241.699999988079","69032","HierDyur4yhlzo","sub02","02","3","rl","test","76","img/o_d_diag.png","8","76","color,shape,pattern","17","1",""
"null","70038","HierDyur4yhlzo","sub02","02","3","feedback","test","null","","","na","","17","",""
"651.9000000059605","70691","HierDyur4yhlzo","sub02","02","3","rl","test","70","img/p_d_diag.png","4","70","color,shape,pattern","18","1",""
"null","71696","HierDyur4yhlzo","sub02","02","3","feedback","test","null","","","na","","18","",""
"1033","72731","HierDyur4yhlzo","sub02","02","3","rl","test","83","img/p_t_diag.png","2","83","color,shape,pattern","19","1",""
"null","73736","HierDyur4yhlzo","sub02","02","3","feedback","test","null","","","na","","19","",""
"387.5","74125","HierDyur4yhlzo","sub02","02","3","rl","test","65","img/p_t_check.png","1","65","color,shape,pattern","20","1",""
"null","75131","HierDyur4yhlzo","sub02","02","3","feedback","test","null","","","na","","20","",""
"788.5","75922","HierDyur4yhlzo","sub02","02","3","rl","test","70","img/p_d_check.png","3","68","color,shape,pattern","21","0",""
"null","76928","HierDyur4yhlzo","sub02","02","3","feedback","test","null","","","na","","21","",""
"1485.8999999910593","78416","HierDyur4yhlzo","sub02","02","3","rl","test","83","img/p_t_check.png","1","65","color,shape,pattern","22","0",""
"null","79422","HierDyur4yhlzo","sub02","02","3","feedback","test","null","","","na","","22","",""
"1116.4000000059605","80540","HierDyur4yhlzo","sub02","02","3","rl","test","72","img/o_t_check.png","5","72","color,shape,pattern","23","1",""
"null","81546","HierDyur4yhlzo","sub02","02","3","feedback","test","null","","","na","","23","",""
"843.2000000029802","82391","HierDyur4yhlzo","sub02","02","3","rl","test","68","img/p_d_check.png","3","68","color,shape,pattern","24","1",""
"null","83398","HierDyur4yhlzo","sub02","02","3","feedback","test","null","","","na","","24","",""
"1073","84473","HierDyur4yhlzo","sub02","02","3","rl","test","75","img/o_d_check.png","7","75","color,shape,pattern","25","1",""
"null","85479","HierDyur4yhlzo","sub02","02","3","feedback","test","null","","","na","","25","",""
"807.5","86288","HierDyur4yhlzo","sub02","02","3","rl","test","75","img/o_d_check.png","7","75","color,shape,pattern","26","1",""
"null","87291","HierDyur4yhlzo","sub02","02","3","feedback","test","null","","","na","","26","",""
"1118.2999999970198","88412","HierDyur4yhlzo","sub02","02","3","rl","test","72","img/o_t_check.png","5","72","color,shape,pattern","27","1",""
"null","89419","HierDyur4yhlzo","sub02","02","3","feedback","test","null","","","na","","27","",""
"1006.2999999970198","90427","HierDyur4yhlzo","sub02","02","3","rl","test","74","img/o_t_diag.png","6","74","color,shape,pattern","28","1",""
"null","91435","HierDyur4yhlzo","sub02","02","3","feedback","test","null","","","na","","28","",""
"618.7000000029802","92055","HierDyur4yhlzo","sub02","02","3","rl","test","74","img/o_t_diag.png","6","74","color,shape,pattern","29","1",""
"null","93061","HierDyur4yhlzo","sub02","02","3","feedback","test","null","","","na","","29","",""
"773.1000000089407","93838","HierDyur4yhlzo","sub02","02","3","rl","test","70","img/p_d_diag.png","4","70","color,shape,pattern","30","1",""
"null","94840","HierDyur4yhlzo","sub02","02","3","feedback","test","null","","","na","","30","",""
"697","95539","HierDyur4yhlzo","sub02","02","3","rl","test","76","img/o_d_diag.png","8","76","color,shape,pattern","31","1",""
"null","96546","HierDyur4yhlzo","sub02","02","3","feedback","test","null","","","na","","31","",""
"899.8999999910593","97448","HierDyur4yhlzo","sub02","02","3","rl","test","70","img/p_d_diag.png","4","70","color,shape,pattern","32","1",""
"null","98452","HierDyur4yhlzo","sub02","02","3","feedback","test","null","","","na","","32","",""
"1156.7999999970198","99611","HierDyur4yhlzo","sub02","02","3","rl","test","83","img/p_t_diag.png","2","83","color,shape,pattern","33","1",""
"null","100616","HierDyur4yhlzo","sub02","02","3","feedback","test","null","","","na","","33","",""
"1210.4000000059605","101828","HierDyur4yhlzo","sub02","02","3","rl","test","74","img/o_t_diag.png","6","74","color,shape,pattern","34","1",""
"null","102834","HierDyur4yhlzo","sub02","02","3","feedback","test","null","","","na","","34","",""
"1420.5999999940395","104256","HierDyur4yhlzo","sub02","02","3","rl","test","68","img/o_d_check.png","7","75","color,shape,pattern","35","0",""
"null","105261","HierDyur4yhlzo","sub02","02","3","feedback","test","null","","","na","","35","",""
"2419.4000000059605","107683","HierDyur4yhlzo","sub02","02","3","rl","test","83","img/p_t_diag.png","2","83","color,shape,pattern","36","1",""
"null","108690","HierDyur4yhlzo","sub02","02","3","feedback","test","null","","","na","","36","",""
"1037.7999999970198","109730","HierDyur4yhlzo","sub02","02","3","rl","test","65","img/p_t_check.png","1","65","color,shape,pattern","37","1",""
"null","110736","HierDyur4yhlzo","sub02","02","3","feedback","test","null","","","na","","37","",""
"1076.8999999910593","111815","HierDyur4yhlzo","sub02","02","3","rl","test","72","img/o_t_check.png","5","72","color,shape,pattern","38","1",""
"null","112822","HierDyur4yhlzo","sub02","02","3","feedback","test","null","","","na","","38","",""
"1239.3999999910593","114063","HierDyur4yhlzo","sub02","02","3","rl","test","74","img/p_d_check.png","3","68","color,shape,pattern","39","0",""
"null","115065","HierDyur4yhlzo","sub02","02","3","feedback","test","null","","","na","","39","",""
"1195.7999999970198","116263","HierDyur4yhlzo","sub02","02","3","rl","test","70","img/p_d_diag.png","4","70","color,shape,pattern","40","1",""
"null","117270","HierDyur4yhlzo","sub02","02","3","feedback","test","null","","","na","","40","",""
"547.1000000089407","117819","HierDyur4yhlzo","sub02","02","3","rl","test","76","img/o_d_diag.png","8","76","color,shape,pattern","41","1",""
"null","118826","HierDyur4yhlzo","sub02","02","3","feedback","test","null","","","na","","41","",""
"974.0999999940395","119802","HierDyur4yhlzo","sub02","02","3","rl","test","68","img/o_d_check.png","7","75","color,shape,pattern","42","0",""
"null","120805","HierDyur4yhlzo","sub02","02","3","feedback","test","null","","","na","","42","",""
"1523","122330","HierDyur4yhlzo","sub02","02","3","rl","test","83","img/p_t_check.png","1","65","color,shape,pattern","43","0",""
"null","123335","HierDyur4yhlzo","sub02","02","3","feedback","test","null","","","na","","43","",""
"1112.5","124448","HierDyur4yhlzo","sub02","02","3","rl","test","70","img/p_d_diag.png","4","70","color,shape,pattern","44","1",""
"null","125455","HierDyur4yhlzo","sub02","02","3","feedback","test","null","","","na","","44","",""
"1572.7999999970198","127029","HierDyur4yhlzo","sub02","02","3","rl","test","83","img/p_t_diag.png","2","83","color,shape,pattern","45","1",""
"null","128033","HierDyur4yhlzo","sub02","02","3","feedback","test","null","","","na","","45","",""
"1022.0999999940395","129057","HierDyur4yhlzo","sub02","02","3","rl","test","75","img/p_d_check.png","3","68","color,shape,pattern","46","0",""
"null","130060","HierDyur4yhlzo","sub02","02","3","feedback","test","null","","","na","","46","",""
"726.0999999940395","130788","HierDyur4yhlzo","sub02","02","3","rl","test","76","img/o_d_diag.png","8","76","color,shape,pattern","47","1",""
"null","131791","HierDyur4yhlzo","sub02","02","3","feedback","test","null","","","na","","47","",""
"1694.8999999910593","133488","HierDyur4yhlzo","sub02","02","3","rl","test","72","img/o_t_check.png","5","72","color,shape,pattern","48","1",""
"null","134491","HierDyur4yhlzo","sub02","02","3","feedback","test","null","","","na","","48","",""
"793","135285","HierDyur4yhlzo","sub02","02","3","rl","test","74","img/o_t_diag.png","6","74","color,shape,pattern","49","1",""
"null","136292","HierDyur4yhlzo","sub02","02","3","feedback","test","null","","","na","","49","",""
"711.5","137005","HierDyur4yhlzo","sub02","02","3","rl","test","76","img/o_d_diag.png","8","76","color,shape,pattern","50","1",""
"null","138011","HierDyur4yhlzo","sub02","02","3","feedback","test","null","","","na","","50","",""
"1455.0999999940395","139468","HierDyur4yhlzo","sub02","02","3","rl","test","65","img/p_t_check.png","1","65","color,shape,pattern","51","1",""
"null","140474","HierDyur4yhlzo","sub02","02","3","feedback","test","null","","","na","","51","",""
"1132.0999999940395","141607","HierDyur4yhlzo","sub02","02","3","rl","test","72","img/o_t_check.png","5","72","color,shape,pattern","52","1",""
"null","142611","HierDyur4yhlzo","sub02","02","3","feedback","test","null","","","na","","52","",""
"1724.0999999940395","144337","HierDyur4yhlzo","sub02","02","3","rl","test","75","img/o_d_check.png","7","75","color,shape,pattern","53","1",""
"null","145344","HierDyur4yhlzo","sub02","02","3","feedback","test","null","","","na","","53","",""
"1051.300000011921","146397","HierDyur4yhlzo","sub02","02","3","rl","test","74","img/o_t_diag.png","6","74","color,shape,pattern","54","1",""
"null","147400","HierDyur4yhlzo","sub02","02","3","feedback","test","null","","","na","","54","",""
"809.6999999880791","148212","HierDyur4yhlzo","sub02","02","3","rl","test","75","img/o_d_check.png","7","75","color,shape,pattern","55","1",""
"null","149219","HierDyur4yhlzo","sub02","02","3","feedback","test","null","","","na","","55","",""
"1486.7000000029802","150707","HierDyur4yhlzo","sub02","02","3","rl","test","72","img/o_t_check.png","5","72","color,shape,pattern","56","1",""
"null","151711","HierDyur4yhlzo","sub02","02","3","feedback","test","null","","","na","","56","",""
"2274.2000000029802","153987","HierDyur4yhlzo","sub02","02","3","rl","test","83","img/p_t_diag.png","2","83","color,shape,pattern","57","1",""
"null","154991","HierDyur4yhlzo","sub02","02","3","feedback","test","null","","","na","","57","",""
"547.1000000089407","155540","HierDyur4yhlzo","sub02","02","3","rl","test","83","img/p_t_diag.png","2","83","color,shape,pattern","58","1",""
"null","156543","HierDyur4yhlzo","sub02","02","3","feedback","test","null","","","na","","58","",""
"671","157215","HierDyur4yhlzo","sub02","02","3","rl","test","70","img/p_d_diag.png","4","70","color,shape,pattern","59","1",""
"null","158220","HierDyur4yhlzo","sub02","02","3","feedback","test","null","","","na","","59","",""
"1541.1000000089407","159762","HierDyur4yhlzo","sub02","02","3","rl","test","68","img/p_d_check.png","3","68","color,shape,pattern","60","1",""
"null","160769","HierDyur4yhlzo","sub02","02","3","feedback","test","null","","","na","","60","",""
"750.5999999940395","161521","HierDyur4yhlzo","sub02","02","3","rl","test","76","img/o_d_diag.png","8","76","color,shape,pattern","61","1",""
"null","162526","HierDyur4yhlzo","sub02","02","3","feedback","test","null","","","na","","61","",""
"1278.4000000059605","163806","HierDyur4yhlzo","sub02","02","3","rl","test","74","img/o_t_diag.png","6","74","color,shape,pattern","62","1",""
"null","164812","HierDyur4yhlzo","sub02","02","3","feedback","test","null","","","na","","62","",""
"1186.0999999940395","166000","HierDyur4yhlzo","sub02","02","3","rl","test","68","img/p_d_check.png","3","68","color,shape,pattern","63","1",""
"null","167004","HierDyur4yhlzo","sub02","02","3","feedback","test","null","","","na","","63","",""
"887","167893","HierDyur4yhlzo","sub02","02","3","rl","test","65","img/p_t_check.png","1","65","color,shape,pattern","64","1",""
"null","168900","HierDyur4yhlzo","sub02","02","3","feedback","test","null","","","na","","64","",""
"1896.800000011921","170799","HierDyur4yhlzo","sub02","02","3","rl","test","83","img/p_t_diag.png","2","83","color,shape,pattern","65","1",""
"null","171806","HierDyur4yhlzo","sub02","02","3","feedback","test","null","","","na","","65","",""
"780.8999999910593","172591","HierDyur4yhlzo","sub02","02","3","rl","test","72","img/o_t_check.png","5","72","color,shape,pattern","66","1",""
"null","173595","HierDyur4yhlzo","sub02","02","3","feedback","test","null","","","na","","66","",""
"887.5","174485","HierDyur4yhlzo","sub02","02","3","rl","test","74","img/o_t_diag.png","6","74","color,shape,pattern","67","1",""
"null","175492","HierDyur4yhlzo","sub02","02","3","feedback","test","null","","","na","","67","",""
"990.7000000029802","176485","HierDyur4yhlzo","sub02","02","3","rl","test","70","img/p_d_diag.png","4","70","color,shape,pattern","68","1",""
"null","177488","HierDyur4yhlzo","sub02","02","3","feedback","test","null","","","na","","68","",""
"1020.6000000089407","178511","HierDyur4yhlzo","sub02","02","3","rl","test","75","img/o_d_check.png","7","75","color,shape,pattern","69","1",""
"null","179518","HierDyur4yhlzo","sub02","02","3","feedback","test","null","","","na","","69","",""
"1590.6000000089407","181111","HierDyur4yhlzo","sub02","02","3","rl","test","65","img/p_t_check.png","1","65","color,shape,pattern","70","1",""
"null","182116","HierDyur4yhlzo","sub02","02","3","feedback","test","null","","","na","","70","",""
"1264.3999999910593","183382","HierDyur4yhlzo","sub02","02","3","rl","test","75","img/o_d_check.png","7","75","color,shape,pattern","71","1",""
"null","184386","HierDyur4yhlzo","sub02","02","3","feedback","test","null","","","na","","71","",""
"839.5999999940395","185227","HierDyur4yhlzo","sub02","02","3","rl","test","68","img/p_d_check.png","3","68","color,shape,pattern","72","1",""
"null","186235","HierDyur4yhlzo","sub02","02","3","feedback","test","null","","","na","","72","",""
"648.5","186885","HierDyur4yhlzo","sub02","02","3","rl","test","70","img/o_d_diag.png","8","76","color,shape,pattern","73","0",""
"null","187888","HierDyur4yhlzo","sub02","02","3","feedback","test","null","","","na","","73","",""
"545.2999999970198","188435","HierDyur4yhlzo","sub02","02","3","rl","test","76","img/o_d_diag.png","8","76","color,shape,pattern","74","1",""
"null","189438","HierDyur4yhlzo","sub02","02","3","feedback","test","null","","","na","","74","",""
"648.2999999970198","190088","HierDyur4yhlzo","sub02","02","3","rl","test","70","img/p_d_diag.png","4","70","color,shape,pattern","75","1",""
"null","191095","HierDyur4yhlzo","sub02","02","3","feedback","test","null","","","na","","75","",""
"757.7000000029802","191855","HierDyur4yhlzo","sub02","02","3","rl","test","72","img/o_t_check.png","5","72","color,shape,pattern","76","1",""
"null","192857","HierDyur4yhlzo","sub02","02","3","feedback","test","null","","","na","","76","",""
"1998.9000000059605","194857","HierDyur4yhlzo","sub02","02","3","rl","test","68","img/p_t_diag.png","2","83","color,shape,pattern","77","0",""
"null","195860","HierDyur4yhlzo","sub02","02","3","feedback","test","null","","","na","","77","",""
"1541.5999999940395","197403","HierDyur4yhlzo","sub02","02","3","rl","test","74","img/o_t_diag.png","6","74","color,shape,pattern","78","1",""
"null","198410","HierDyur4yhlzo","sub02","02","3","feedback","test","null","","","na","","78","",""
"1573.0999999940395","199985","HierDyur4yhlzo","sub02","02","3","rl","test","83","img/p_t_diag.png","2","83","color,shape,pattern","79","1",""
"null","200992","HierDyur4yhlzo","sub02","02","3","feedback","test","null","","","na","","79","",""
"2323.0999999940395","203317","HierDyur4yhlzo","sub02","02","3","rl","test","70","img/p_d_check.png","3","68","color,shape,pattern","80","0",""
"null","204321","HierDyur4yhlzo","sub02","02","3","feedback","test","null","","","na","","80","",""
"1720.8999999910593","206043","HierDyur4yhlzo","sub02","02","3","rl","test","74","img/o_t_diag.png","6","74","color,shape,pattern","81","1",""
"null","207050","HierDyur4yhlzo","sub02","02","3","feedback","test","null","","","na","","81","",""
"927.2000000029802","207979","HierDyur4yhlzo","sub02","02","3","rl","test","65","img/p_t_check.png","1","65","color,shape,pattern","82","1",""
"null","208986","HierDyur4yhlzo","sub02","02","3","feedback","test","null","","","na","","82","",""
"501.70000000298023","209490","HierDyur4yhlzo","sub02","02","3","rl","test","65","img/p_t_check.png","1","65","color,shape,pattern","83","1",""
"null","210495","HierDyur4yhlzo","sub02","02","3","feedback","test","null","","","na","","83","",""
"1459","211956","HierDyur4yhlzo","sub02","02","3","rl","test","75","img/o_d_check.png","7","75","color,shape,pattern","84","1",""
"null","212961","HierDyur4yhlzo","sub02","02","3","feedback","test","null","","","na","","84","",""
"778.5999999940395","213742","HierDyur4yhlzo","sub02","02","3","rl","test","68","img/p_d_check.png","3","68","color,shape,pattern","85","1",""
"null","214745","HierDyur4yhlzo","sub02","02","3","feedback","test","null","","","na","","85","",""
"1887.0999999940395","216634","HierDyur4yhlzo","sub02","02","3","rl","test","83","img/p_t_check.png","1","65","color,shape,pattern","86","0",""
"null","217638","HierDyur4yhlzo","sub02","02","3","feedback","test","null","","","na","","86","",""
"862","218502","HierDyur4yhlzo","sub02","02","3","rl","test","76","img/o_d_diag.png","8","76","color,shape,pattern","87","1",""
"null","219507","HierDyur4yhlzo","sub02","02","3","feedback","test","null","","","na","","87","",""
"890.3000000119209","220399","HierDyur4yhlzo","sub02","02","3","rl","test","70","img/p_d_diag.png","4","70","color,shape,pattern","88","1",""
"null","221403","HierDyur4yhlzo","sub02","02","3","feedback","test","null","","","na","","88","",""
"829.8000000119209","222234","HierDyur4yhlzo","sub02","02","3","rl","test","68","img/p_d_check.png","3","68","color,shape,pattern","89","1",""
"null","223238","HierDyur4yhlzo","sub02","02","3","feedback","test","null","","","na","","89","",""
"1418.2000000029802","224658","HierDyur4yhlzo","sub02","02","3","rl","test","72","img/o_t_check.png","5","72","color,shape,pattern","90","1",""
"null","225662","HierDyur4yhlzo","sub02","02","3","feedback","test","null","","","na","","90","",""
"686.4000000059605","226350","HierDyur4yhlzo","sub02","02","3","rl","test","76","img/o_d_diag.png","8","76","color,shape,pattern","91","1",""
"null","227355","HierDyur4yhlzo","sub02","02","3","feedback","test","null","","","na","","91","",""
"1754.1000000089407","229112","HierDyur4yhlzo","sub02","02","3","rl","test","70","img/o_d_check.png","7","75","color,shape,pattern","92","0",""
"null","230115","HierDyur4yhlzo","sub02","02","3","feedback","test","null","","","na","","92","",""
"1955.3999999910593","232073","HierDyur4yhlzo","sub02","02","3","rl","test","83","img/p_t_diag.png","2","83","color,shape,pattern","93","1",""
"null","233077","HierDyur4yhlzo","sub02","02","3","feedback","test","null","","","na","","93","",""
"800.8999999910593","233880","HierDyur4yhlzo","sub02","02","3","rl","test","70","img/p_d_diag.png","4","70","color,shape,pattern","94","1",""
"null","234887","HierDyur4yhlzo","sub02","02","3","feedback","test","null","","","na","","94","",""
"1642.7000000029802","236532","HierDyur4yhlzo","sub02","02","3","rl","test","72","img/o_t_check.png","5","72","color,shape,pattern","95","1",""
"null","237538","HierDyur4yhlzo","sub02","02","3","feedback","test","null","","","na","","95","",""
"1689.8999999910593","239230","HierDyur4yhlzo","sub02","02","3","rl","test","74","img/o_t_diag.png","6","74","color,shape,pattern","96","1",""
"null","240237","HierDyur4yhlzo","sub02","02","3","feedback","test","null","","","na","","96","",""
"1792.7000000029802","242034","HierDyur4yhlzo","sub02","02","3","rl","test","83","img/o_t_check.png","5","72","color,shape,pattern","97","0",""
"null","243038","HierDyur4yhlzo","sub02","02","3","feedback","test","null","","","na","","97","",""
"2108","245148","HierDyur4yhlzo","sub02","02","3","rl","test","68","img/o_d_check.png","7","75","color,shape,pattern","98","0",""
"null","246155","HierDyur4yhlzo","sub02","02","3","feedback","test","null","","","na","","98","",""
"718.5999999940395","246876","HierDyur4yhlzo","sub02","02","3","rl","test","68","img/p_d_check.png","3","68","color,shape,pattern","99","1",""
"null","247879","HierDyur4yhlzo","sub02","02","3","feedback","test","null","","","na","","99","",""
"1036.9000000059605","248918","HierDyur4yhlzo","sub02","02","3","rl","test","83","img/p_t_diag.png","2","83","color,shape,pattern","100","1",""
"null","249925","HierDyur4yhlzo","sub02","02","3","feedback","test","null","","","na","","100","",""
"661.5","250588","HierDyur4yhlzo","sub02","02","3","rl","test","65","img/p_t_check.png","1","65","color,shape,pattern","101","1",""
"null","251593","HierDyur4yhlzo","sub02","02","3","feedback","test","null","","","na","","101","",""
"928.8999999910593","252524","HierDyur4yhlzo","sub02","02","3","rl","test","76","img/o_d_diag.png","8","76","color,shape,pattern","102","1",""
"null","253531","HierDyur4yhlzo","sub02","02","3","feedback","test","null","","","na","","102","",""
"803.2000000029802","254336","HierDyur4yhlzo","sub02","02","3","rl","test","70","img/p_d_diag.png","4","70","color,shape,pattern","103","1",""
"null","255338","HierDyur4yhlzo","sub02","02","3","feedback","test","null","","","na","","103","",""
"1030.5999999940395","256371","HierDyur4yhlzo","sub02","02","3","rl","test","70","img/p_d_diag.png","4","70","color,shape,pattern","104","1",""
"null","257374","HierDyur4yhlzo","sub02","02","3","feedback","test","null","","","na","","104","",""
"1924.4000000059605","259300","HierDyur4yhlzo","sub02","02","3","rl","test","74","img/o_t_diag.png","6","74","color,shape,pattern","105","1",""
"null","260308","HierDyur4yhlzo","sub02","02","3","feedback","test","null","","","na","","105","",""
"791.9000000059605","261102","HierDyur4yhlzo","sub02","02","3","rl","test","83","img/p_t_diag.png","2","83","color,shape,pattern","106","1",""
"null","262109","HierDyur4yhlzo","sub02","02","3","feedback","test","null","","","na","","106","",""
"1289.7000000029802","263401","HierDyur4yhlzo","sub02","02","3","rl","test","76","img/o_d_diag.png","8","76","color,shape,pattern","107","1",""
"null","264408","HierDyur4yhlzo","sub02","02","3","feedback","test","null","","","na","","107","",""
"2077.8999999910593","266488","HierDyur4yhlzo","sub02","02","3","rl","test","72","img/p_t_check.png","1","65","color,shape,pattern","108","0",""
"null","267495","HierDyur4yhlzo","sub02","02","3","feedback","test","null","","","na","","108","",""
"729.6000000089407","268227","HierDyur4yhlzo","sub02","02","3","rl","test","75","img/o_d_check.png","7","75","color,shape,pattern","109","1",""
"null","269234","HierDyur4yhlzo","sub02","02","3","feedback","test","null","","","na","","109","",""
"1588.5","270825","HierDyur4yhlzo","sub02","02","3","rl","test","65","img/o_t_check.png","5","72","color,shape,pattern","110","0",""
"null","271832","HierDyur4yhlzo","sub02","02","3","feedback","test","null","","","na","","110","",""
"797.3000000119209","272631","HierDyur4yhlzo","sub02","02","3","rl","test","68","img/p_d_check.png","3","68","color,shape,pattern","111","1",""
"null","273638","HierDyur4yhlzo","sub02","02","3","feedback","test","null","","","na","","111","",""
"944.5999999940395","274585","HierDyur4yhlzo","sub02","02","3","rl","test","83","img/o_t_diag.png","6","74","color,shape,pattern","112","0",""
"null","275592","HierDyur4yhlzo","sub02","02","3","feedback","test","null","","","na","","112","",""
"1625.2999999970198","277220","HierDyur4yhlzo","sub02","02","3","rl","test","68","img/p_d_check.png","3","68","color,shape,pattern","113","1",""
"null","278227","HierDyur4yhlzo","sub02","02","3","feedback","test","null","","","na","","113","",""
"844.9000000059605","279073","HierDyur4yhlzo","sub02","02","3","rl","test","72","img/o_t_check.png","5","72","color,shape,pattern","114","1",""
"null","280080","HierDyur4yhlzo","sub02","02","3","feedback","test","null","","","na","","114","",""
"878.7999999970198","280960","HierDyur4yhlzo","sub02","02","3","rl","test","74","img/o_t_diag.png","6","74","color,shape,pattern","115","1",""
"null","281966","HierDyur4yhlzo","sub02","02","3","feedback","test","null","","","na","","115","",""
"760.5999999940395","282728","HierDyur4yhlzo","sub02","02","3","rl","test","65","img/p_t_check.png","1","65","color,shape,pattern","116","1",""
"null","283735","HierDyur4yhlzo","sub02","02","3","feedback","test","null","","","na","","116","",""
"1094.2999999970198","284831","HierDyur4yhlzo","sub02","02","3","rl","test","76","img/o_d_diag.png","8","76","color,shape,pattern","117","1",""
"null","285838","HierDyur4yhlzo","sub02","02","3","feedback","test","null","","","na","","117","",""
"1435.5","287275","HierDyur4yhlzo","sub02","02","3","rl","test","70","img/p_d_diag.png","4","70","color,shape,pattern","118","1",""
"null","288282","HierDyur4yhlzo","sub02","02","3","feedback","test","null","","","na","","118","",""
"667.1999999880791","288951","HierDyur4yhlzo","sub02","02","3","rl","test","70","img/p_d_diag.png","4","70","color,shape,pattern","119","1",""
"null","289955","HierDyur4yhlzo","sub02","02","3","feedback","test","null","","","na","","119","",""
"1859.1000000089407","291816","HierDyur4yhlzo","sub02","02","3","rl","test","83","img/p_t_diag.png","2","83","color,shape,pattern","120","1",""
"null","292823","HierDyur4yhlzo","sub02","02","3","feedback","test","null","","","na","","120","",""
"2316.199999988079","295140","HierDyur4yhlzo","sub02","02","3","rl","test","68","img/o_d_check.png","7","75","color,shape,pattern","121","0",""
"null","296147","HierDyur4yhlzo","sub02","02","3","feedback","test","null","","","na","","121","",""
"1997.800000011921","298147","HierDyur4yhlzo","sub02","02","3","rl","test","83","img/p_t_diag.png","2","83","color,shape,pattern","122","1",""
"null","299155","HierDyur4yhlzo","sub02","02","3","feedback","test","null","","","na","","122","",""
"1750.0999999940395","300907","HierDyur4yhlzo","sub02","02","3","rl","test","76","img/o_d_diag.png","8","76","color,shape,pattern","123","1",""
"null","301912","HierDyur4yhlzo","sub02","02","3","feedback","test","null","","","na","","123","",""
"null","304415","HierDyur4yhlzo","sub02","02","3","rl","test","null","img/p_d_check.png","3","68","color,shape,pattern","124","0",""
"null","305422","HierDyur4yhlzo","sub02","02","3","feedback","test","null","","","na","","124","",""
"1278.300000011921","306702","HierDyur4yhlzo","sub02","02","3","rl","test","65","img/p_t_check.png","1","65","color,shape,pattern","125","1",""
"null","307705","HierDyur4yhlzo","sub02","02","3","feedback","test","null","","","na","","125","",""
"2266","309973","HierDyur4yhlzo","sub02","02","3","rl","test","75","img/o_d_check.png","7","75","color,shape,pattern","126","1",""
"null","310975","HierDyur4yhlzo","sub02","02","3","feedback","test","null","","","na","","126","",""
"1838.0999999940395","312815","HierDyur4yhlzo","sub02","02","3","rl","test","72","img/o_t_check.png","5","72","color,shape,pattern","127","1",""
"null","313822","HierDyur4yhlzo","sub02","02","3","feedback","test","null","","","na","","127","",""
"598.3999999910593","314422","HierDyur4yhlzo","sub02","02","3","rl","test","72","img/o_t_check.png","5","72","color,shape,pattern","128","1",""
"null","315427","HierDyur4yhlzo","sub02","02","3","feedback","test","null","","","na","","128","",""
"963.4000000059605","316392","HierDyur4yhlzo","sub02","02","3","rl","test","70","img/p_d_diag.png","4","70","color,shape,pattern","129","1",""
"null","317399","HierDyur4yhlzo","sub02","02","3","feedback","test","null","","","na","","129","",""
"null","319906","HierDyur4yhlzo","sub02","02","3","rl","test","null","img/o_t_diag.png","6","74","color,shape,pattern","130","0",""
"null","320912","HierDyur4yhlzo","sub02","02","3","feedback","test","null","","","na","","130","",""
"676","321590","HierDyur4yhlzo","sub02","02","3","rl","test","76","img/o_d_diag.png","8","76","color,shape,pattern","131","1",""
"null","322593","HierDyur4yhlzo","sub02","02","3","feedback","test","null","","","na","","131","",""
"1319.2000000029802","323915","HierDyur4yhlzo","sub02","02","3","rl","test","83","img/p_t_diag.png","2","83","color,shape,pattern","132","1",""
"null","324922","HierDyur4yhlzo","sub02","02","3","feedback","test","null","","","na","","132","",""
"661.5","325585","HierDyur4yhlzo","sub02","02","3","rl","test","74","img/o_t_diag.png","6","74","color,shape,pattern","133","1",""
"null","326587","HierDyur4yhlzo","sub02","02","3","feedback","test","null","","","na","","133","",""
"2044.2000000029802","328633","HierDyur4yhlzo","sub02","02","3","rl","test","65","img/p_t_check.png","1","65","color,shape,pattern","134","1",""
"null","329639","HierDyur4yhlzo","sub02","02","3","feedback","test","null","","","na","","134","",""
"1260","330900","HierDyur4yhlzo","sub02","02","3","rl","test","76","img/o_d_diag.png","8","76","color,shape,pattern","135","1",""
"null","331903","HierDyur4yhlzo","sub02","02","3","feedback","test","null","","","na","","135","",""
"1334","333239","HierDyur4yhlzo","sub02","02","3","rl","test","68","img/p_d_check.png","3","68","color,shape,pattern","136","1",""
"null","334245","HierDyur4yhlzo","sub02","02","3","feedback","test","null","","","na","","136","",""
"887.1000000089407","335135","HierDyur4yhlzo","sub02","02","3","rl","test","75","img/o_d_check.png","7","75","color,shape,pattern","137","1",""
"null","336138","HierDyur4yhlzo","sub02","02","3","feedback","test","null","","","na","","137","",""
"2173.2999999970198","338314","HierDyur4yhlzo","sub02","02","3","rl","test","65","img/p_t_check.png","1","65","color,shape,pattern","138","1",""
"null","339321","HierDyur4yhlzo","sub02","02","3","feedback","test","null","","","na","","138","",""
"1469.6000000089407","340792","HierDyur4yhlzo","sub02","02","3","rl","test","68","img/p_d_check.png","3","68","color,shape,pattern","139","1",""
"null","341797","HierDyur4yhlzo","sub02","02","3","feedback","test","null","","","na","","139","",""
"null","344304","HierDyur4yhlzo","sub02","02","3","rl","test","null","img/p_t_diag.png","2","83","color,shape,pattern","140","0",""
"null","345311","HierDyur4yhlzo","sub02","02","3","feedback","test","null","","","na","","140","",""
"972.2000000029802","346285","HierDyur4yhlzo","sub02","02","3","rl","test","72","img/o_t_check.png","5","72","color,shape,pattern","141","1",""
"null","347292","HierDyur4yhlzo","sub02","02","3","feedback","test","null","","","na","","141","",""
"1801.7999999970198","349096","HierDyur4yhlzo","sub02","02","3","rl","test","75","img/o_d_check.png","7","75","color,shape,pattern","142","1",""
"null","350103","HierDyur4yhlzo","sub02","02","3","feedback","test","null","","","na","","142","",""
"1418.0999999940395","351524","HierDyur4yhlzo","sub02","02","3","rl","test","70","img/p_d_diag.png","4","70","color,shape,pattern","143","1",""
"null","352527","HierDyur4yhlzo","sub02","02","3","feedback","test","null","","","na","","143","",""
"2351.800000011921","354881","HierDyur4yhlzo","sub02","02","3","rl","test","74","img/o_t_diag.png","6","74","color,shape,pattern","144","1",""
"null","355885","HierDyur4yhlzo","sub02","02","3","feedback","test","null","","","na","","144","",""
"160.6000000089407","356047","HierDyur4yhlzo","sub02","02","3","rl","test","83","img/o_t_diag.png","6","74","color,shape,pattern","145","0",""
"null","357054","HierDyur4yhlzo","sub02","02","3","feedback","test","null","","","na","","145","",""
"1382.0999999940395","358438","HierDyur4yhlzo","sub02","02","3","rl","test","83","img/p_t_diag.png","2","83","color,shape,pattern","146","1",""
"null","359443","HierDyur4yhlzo","sub02","02","3","feedback","test","null","","","na","","146","",""
"909.7999999970198","360355","HierDyur4yhlzo","sub02","02","3","rl","test","74","img/o_t_diag.png","6","74","color,shape,pattern","147","1",""
"null","361362","HierDyur4yhlzo","sub02","02","3","feedback","test","null","","","na","","147","",""
"1668.8999999910593","363033","HierDyur4yhlzo","sub02","02","3","rl","test","65","img/o_t_check.png","5","72","color,shape,pattern","148","0",""
"null","364039","HierDyur4yhlzo","sub02","02","3","feedback","test","null","","","na","","148","",""
"1345","365385","HierDyur4yhlzo","sub02","02","3","rl","test","70","img/p_d_diag.png","4","70","color,shape,pattern","149","1",""
"null","366392","HierDyur4yhlzo","sub02","02","3","feedback","test","null","","","na","","149","",""
"804.1000000089407","367199","HierDyur4yhlzo","sub02","02","3","rl","test","76","img/o_d_diag.png","8","76","color,shape,pattern","150","1",""
"null","368206","HierDyur4yhlzo","sub02","02","3","feedback","test","null","","","na","","150","",""
"1519.2000000029802","369727","HierDyur4yhlzo","sub02","02","3","rl","test","68","img/o_d_check.png","7","75","color,shape,pattern","151","0",""
"null","370735","HierDyur4yhlzo","sub02","02","3","feedback","test","null","","","na","","151","",""
"741.2000000029802","371478","HierDyur4yhlzo","sub02","02","3","rl","test","68","img/p_d_check.png","3","68","color,shape,pattern","152","1",""
"null","372483","HierDyur4yhlzo","sub02","02","3","feedback","test","null","","","na","","152","",""
"1259.1000000089407","373744","HierDyur4yhlzo","sub02","02","3","rl","test","65","img/p_t_check.png","1","65","color,shape,pattern","153","1",""
"null","374752","HierDyur4yhlzo","sub02","02","3","feedback","test","null","","","na","","153","",""
"987","375741","HierDyur4yhlzo","sub02","02","3","rl","test","70","img/p_d_diag.png","4","70","color,shape,pattern","154","1",""
"null","376744","HierDyur4yhlzo","sub02","02","3","feedback","test","null","","","na","","154","",""
"1092.5999999940395","377838","HierDyur4yhlzo","sub02","02","3","rl","test","75","img/o_d_check.png","7","75","color,shape,pattern","155","1",""
"null","378843","HierDyur4yhlzo","sub02","02","3","feedback","test","null","","","na","","155","",""
"1698","380543","HierDyur4yhlzo","sub02","02","3","rl","test","74","img/p_t_diag.png","2","83","color,shape,pattern","156","0",""
"null","381550","HierDyur4yhlzo","sub02","02","3","feedback","test","null","","","na","","156","",""
"863.5","382416","HierDyur4yhlzo","sub02","02","3","rl","test","76","img/o_d_diag.png","8","76","color,shape,pattern","157","1",""
"null","383420","HierDyur4yhlzo","sub02","02","3","feedback","test","null","","","na","","157","",""
"1660.7000000029802","385082","HierDyur4yhlzo","sub02","02","3","rl","test","83","img/p_t_diag.png","2","83","color,shape,pattern","158","1",""
"null","386089","HierDyur4yhlzo","sub02","02","3","feedback","test","null","","","na","","158","",""
"1123.3999999910593","387215","HierDyur4yhlzo","sub02","02","3","rl","test","74","img/o_t_diag.png","6","74","color,shape,pattern","159","1",""
"null","388222","HierDyur4yhlzo","sub02","02","3","feedback","test","null","","","na","","159","",""
"1277.8999999910593","389501","HierDyur4yhlzo","sub02","02","3","rl","test","68","img/p_d_check.png","3","68","color,shape,pattern","160","1",""
"null","390505","HierDyur4yhlzo","sub02","02","3","feedback","test","null","","","na","","160","",""
"2308.5","392816","HierDyur4yhlzo","sub02","02","3","rl","test","72","img/o_t_check.png","5","72","color,shape,pattern","161","1",""
"null","393818","HierDyur4yhlzo","sub02","02","3","feedback","test","null","","","na","","161","",""
"546.6000000089407","394367","HierDyur4yhlzo","sub02","02","3","rl","test","72","img/o_t_check.png","5","72","color,shape,pattern","162","1",""
"null","395374","HierDyur4yhlzo","sub02","02","3","feedback","test","null","","","na","","162","",""
"1526.2000000029802","396902","HierDyur4yhlzo","sub02","02","3","rl","test","65","img/p_t_check.png","1","65","color,shape,pattern","163","1",""
"null","397906","HierDyur4yhlzo","sub02","02","3","feedback","test","null","","","na","","163","",""
"779","398687","HierDyur4yhlzo","sub02","02","3","rl","test","65","img/p_t_check.png","1","65","color,shape,pattern","164","1",""
"null","399694","HierDyur4yhlzo","sub02","02","3","feedback","test","null","","","na","","164","",""
"1533.699999988079","401230","HierDyur4yhlzo","sub02","02","3","rl","test","70","img/p_d_diag.png","4","70","color,shape,pattern","165","1",""
"null","402235","HierDyur4yhlzo","sub02","02","3","feedback","test","null","","","na","","165","",""
"729.2000000029802","402966","HierDyur4yhlzo","sub02","02","3","rl","test","76","img/o_d_diag.png","8","76","color,shape,pattern","166","1",""
"null","403974","HierDyur4yhlzo","sub02","02","3","feedback","test","null","","","na","","166","",""
"1159.3999999910593","405135","HierDyur4yhlzo","sub02","02","3","rl","test","75","img/o_d_check.png","7","75","color,shape,pattern","167","1",""
"null","406139","HierDyur4yhlzo","sub02","02","3","feedback","test","null","","","na","","167","",""
"591.4000000059605","406732","HierDyur4yhlzo","sub02","02","3","rl","test","83","img/p_d_check.png","3","68","color,shape,pattern","168","0",""
"null","407739","HierDyur4yhlzo","sub02","02","3","feedback","test","null","","","na","","168","",""
"2039.1000000089407","409779","HierDyur4yhlzo","sub02","02","3","rl","test","70","img/o_d_diag.png","8","76","color,shape,pattern","169","0",""
"null","410786","HierDyur4yhlzo","sub02","02","3","feedback","test","null","","","na","","169","",""
"984.2999999970198","411773","HierDyur4yhlzo","sub02","02","3","rl","test","68","img/p_d_check.png","3","68","color,shape,pattern","170","1",""
"null","412775","HierDyur4yhlzo","sub02","02","3","feedback","test","null","","","na","","170","",""
"807.5","413585","HierDyur4yhlzo","sub02","02","3","rl","test","75","img/o_d_check.png","7","75","color,shape,pattern","171","1",""
"null","414592","HierDyur4yhlzo","sub02","02","3","feedback","test","null","","","na","","171","",""
"1397.7999999970198","415992","HierDyur4yhlzo","sub02","02","3","rl","test","83","img/p_t_diag.png","2","83","color,shape,pattern","172","1",""
"null","416999","HierDyur4yhlzo","sub02","02","3","feedback","test","null","","","na","","172","",""
"783.5","417785","HierDyur4yhlzo","sub02","02","3","rl","test","74","img/o_t_diag.png","6","74","color,shape,pattern","173","1",""
"null","418792","HierDyur4yhlzo","sub02","02","3","feedback","test","null","","","na","","173","",""
"886.7000000029802","419681","HierDyur4yhlzo","sub02","02","3","rl","test","75","img/o_d_check.png","7","75","color,shape,pattern","174","1",""
"null","420688","HierDyur4yhlzo","sub02","02","3","feedback","test","null","","","na","","174","",""
"736.2999999970198","421426","HierDyur4yhlzo","sub02","02","3","rl","test","76","img/o_d_diag.png","8","76","color,shape,pattern","175","1",""
"null","422434","HierDyur4yhlzo","sub02","02","3","feedback","test","null","","","na","","175","",""
"873.1000000089407","423309","HierDyur4yhlzo","sub02","02","3","rl","test","70","img/p_d_diag.png","4","70","color,shape,pattern","176","1",""
"null","424312","HierDyur4yhlzo","sub02","02","3","feedback","test","null","","","na","","176","",""
"2388.8999999910593","426703","HierDyur4yhlzo","sub02","02","3","rl","test","72","img/o_t_check.png","5","72","color,shape,pattern","177","1",""
"null","427705","HierDyur4yhlzo","sub02","02","3","feedback","test","null","","","na","","177","",""
"2221.5999999940395","429929","HierDyur4yhlzo","sub02","02","3","rl","test","83","img/o_t_diag.png","6","74","color,shape,pattern","178","0",""
"null","430937","HierDyur4yhlzo","sub02","02","3","feedback","test","null","","","na","","178","",""
"751.7000000029802","431691","HierDyur4yhlzo","sub02","02","3","rl","test","65","img/p_t_check.png","1","65","color,shape,pattern","179","1",""
"null","432694","HierDyur4yhlzo","sub02","02","3","feedback","test","null","","","na","","179","",""
"724.1000000089407","433420","HierDyur4yhlzo","sub02","02","3","rl","test","83","img/p_t_diag.png","2","83","color,shape,pattern","180","1",""
"null","434427","HierDyur4yhlzo","sub02","02","3","feedback","test","null","","","na","","180","",""
"814.4000000059605","435244","HierDyur4yhlzo","sub02","02","3","rl","test","65","img/p_t_check.png","1","65","color,shape,pattern","181","1",""
"null","436251","HierDyur4yhlzo","sub02","02","3","feedback","test","null","","","na","","181","",""
"1045.0999999940395","437299","HierDyur4yhlzo","sub02","02","3","rl","test","70","img/p_d_diag.png","4","70","color,shape,pattern","182","1",""
"null","438306","HierDyur4yhlzo","sub02","02","3","feedback","test","null","","","na","","182","",""
"727.5999999940395","439035","HierDyur4yhlzo","sub02","02","3","rl","test","68","img/p_d_check.png","3","68","color,shape,pattern","183","1",""
"null","440039","HierDyur4yhlzo","sub02","02","3","feedback","test","null","","","na","","183","",""
"1617.9000000059605","441658","HierDyur4yhlzo","sub02","02","3","rl","test","72","img/o_t_check.png","5","72","color,shape,pattern","184","1",""
"null","442662","HierDyur4yhlzo","sub02","02","3","feedback","test","null","","","na","","184","",""
"959.8000000119209","443624","HierDyur4yhlzo","sub02","02","3","rl","test","70","img/p_d_diag.png","4","70","color,shape,pattern","185","1",""
"null","444631","HierDyur4yhlzo","sub02","02","3","feedback","test","null","","","na","","185","",""
"1761.2999999970198","446394","HierDyur4yhlzo","sub02","02","3","rl","test","83","img/p_t_check.png","1","65","color,shape,pattern","186","0",""
"null","447401","HierDyur4yhlzo","sub02","02","3","feedback","test","null","","","na","","186","",""
"839.5","448243","HierDyur4yhlzo","sub02","02","3","rl","test","68","img/p_d_check.png","3","68","color,shape,pattern","187","1",""
"null","449250","HierDyur4yhlzo","sub02","02","3","feedback","test","null","","","na","","187","",""
"1535.5","450788","HierDyur4yhlzo","sub02","02","3","rl","test","75","img/o_d_check.png","7","75","color,shape,pattern","188","1",""
"null","451793","HierDyur4yhlzo","sub02","02","3","feedback","test","null","","","na","","188","",""
"1060.9000000059605","452856","HierDyur4yhlzo","sub02","02","3","rl","test","65","img/p_t_diag.png","2","83","color,shape,pattern","189","0",""
"null","453862","HierDyur4yhlzo","sub02","02","3","feedback","test","null","","","na","","189","",""
"816","454680","HierDyur4yhlzo","sub02","02","3","rl","test","76","img/o_d_diag.png","8","76","color,shape,pattern","190","1",""
"null","455685","HierDyur4yhlzo","sub02","02","3","feedback","test","null","","","na","","190","",""
"null","458192","HierDyur4yhlzo","sub02","02","3","rl","test","null","img/o_t_check.png","5","72","color,shape,pattern","191","0",""
"null","459197","HierDyur4yhlzo","sub02","02","3","feedback","test","null","","","na","","191","",""
"2253.6000000089407","461453","HierDyur4yhlzo","sub02","02","3","rl","test","83","img/o_t_diag.png","6","74","color,shape,pattern","192","0",""
"null","462457","HierDyur4yhlzo","sub02","02","3","feedback","test","null","","","na","","192","",""
"62.400000005960464","462522","HierDyur4yhlzo","sub02","02","3","rl","test","83","img/o_t_diag.png","6","74","color,shape,pattern","193","0",""
"null","463529","HierDyur4yhlzo","sub02","02","3","feedback","test","null","","","na","","193","",""
"null","466035","HierDyur4yhlzo","sub02","02","3","rl","test","null","img/o_t_check.png","5","72","color,shape,pattern","194","0",""
"null","467039","HierDyur4yhlzo","sub02","02","3","feedback","test","null","","","na","","194","",""
"811.4000000059605","467852","HierDyur4yhlzo","sub02","02","3","rl","test","70","img/p_d_diag.png","4","70","color,shape,pattern","195","1",""
"null","468857","HierDyur4yhlzo","sub02","02","3","feedback","test","null","","","na","","195","",""
"1444.2999999970198","470304","HierDyur4yhlzo","sub02","02","3","rl","test","76","img/o_d_diag.png","8","76","color,shape,pattern","196","1",""
"null","471311","HierDyur4yhlzo","sub02","02","3","feedback","test","null","","","na","","196","",""
"2288.7000000029802","473602","HierDyur4yhlzo","sub02","02","3","rl","test","65","img/p_t_check.png","1","65","color,shape,pattern","197","1",""
"null","474609","HierDyur4yhlzo","sub02","02","3","feedback","test","null","","","na","","197","",""
"1857.2000000029802","476469","HierDyur4yhlzo","sub02","02","3","rl","test","68","img/o_d_check.png","7","75","color,shape,pattern","198","0",""
"null","477474","HierDyur4yhlzo","sub02","02","3","feedback","test","null","","","na","","198","",""
"562.1000000089407","478038","HierDyur4yhlzo","sub02","02","3","rl","test","68","img/p_d_check.png","3","68","color,shape,pattern","199","1",""
"null","479042","HierDyur4yhlzo","sub02","02","3","feedback","test","null","","","na","","199","",""
"1736.2000000029802","480780","HierDyur4yhlzo","sub02","02","3","rl","test","74","img/o_t_diag.png","6","74","color,shape,pattern","200","1",""
"null","481786","HierDyur4yhlzo","sub02","02","3","feedback","test","null","","","na","","200","",""
"1127.0999999940395","482916","HierDyur4yhlzo","sub02","02","3","rl","test","83","img/p_t_diag.png","2","83","color,shape,pattern","201","1",""
"null","483923","HierDyur4yhlzo","sub02","02","3","feedback","test","null","","","na","","201","",""
"2342.2000000029802","486267","HierDyur4yhlzo","sub02","02","3","rl","test","75","img/o_t_check.png","5","72","color,shape,pattern","202","0",""
"null","487274","HierDyur4yhlzo","sub02","02","3","feedback","test","null","","","na","","202","",""
"1476.4000000059605","488752","HierDyur4yhlzo","sub02","02","3","rl","test","68","img/p_d_check.png","3","68","color,shape,pattern","203","1",""
"null","489759","HierDyur4yhlzo","sub02","02","3","feedback","test","null","","","na","","203","",""
"1112.2000000029802","490873","HierDyur4yhlzo","sub02","02","3","rl","test","70","img/p_d_diag.png","4","70","color,shape,pattern","204","1",""
"null","491880","HierDyur4yhlzo","sub02","02","3","feedback","test","null","","","na","","204","",""
"2045.300000011921","493928","HierDyur4yhlzo","sub02","02","3","rl","test","83","img/p_t_diag.png","2","83","color,shape,pattern","205","1",""
"null","494935","HierDyur4yhlzo","sub02","02","3","feedback","test","null","","","na","","205","",""
"724","495661","HierDyur4yhlzo","sub02","02","3","rl","test","76","img/o_d_diag.png","8","76","color,shape,pattern","206","1",""
"null","496665","HierDyur4yhlzo","sub02","02","3","feedback","test","null","","","na","","206","",""
"799.7999999970198","497467","HierDyur4yhlzo","sub02","02","3","rl","test","76","img/o_d_diag.png","8","76","color,shape,pattern","207","1",""
"null","498474","HierDyur4yhlzo","sub02","02","3","feedback","test","null","","","na","","207","",""
"1898.5999999940395","500375","HierDyur4yhlzo","sub02","02","3","rl","test","68","img/p_d_check.png","3","68","color,shape,pattern","208","1",""
"null","501382","HierDyur4yhlzo","sub02","02","3","feedback","test","null","","","na","","208","",""
"937.5999999940395","502322","HierDyur4yhlzo","sub02","02","3","rl","test","70","img/p_d_diag.png","4","70","color,shape,pattern","209","1",""
"null","503328","HierDyur4yhlzo","sub02","02","3","feedback","test","null","","","na","","209","",""
"2190.7000000029802","505521","HierDyur4yhlzo","sub02","02","3","rl","test","83","img/p_t_check.png","1","65","color,shape,pattern","210","0",""
"null","506528","HierDyur4yhlzo","sub02","02","3","feedback","test","null","","","na","","210","",""
"1030.5","507561","HierDyur4yhlzo","sub02","02","3","rl","test","75","img/o_d_check.png","7","75","color,shape,pattern","211","1",""
"null","508564","HierDyur4yhlzo","sub02","02","3","feedback","test","null","","","na","","211","",""
"1760.2999999970198","510327","HierDyur4yhlzo","sub02","02","3","rl","test","65","img/p_t_check.png","1","65","color,shape,pattern","212","1",""
"null","511334","HierDyur4yhlzo","sub02","02","3","feedback","test","null","","","na","","212","",""
"2047.2000000029802","513383","HierDyur4yhlzo","sub02","02","3","rl","test","75","img/o_d_check.png","7","75","color,shape,pattern","213","1",""
"null","514385","HierDyur4yhlzo","sub02","02","3","feedback","test","null","","","na","","213","",""
"1672.2000000029802","516059","HierDyur4yhlzo","sub02","02","3","rl","test","68","img/o_t_diag.png","6","74","color,shape,pattern","214","0",""
"null","517062","HierDyur4yhlzo","sub02","02","3","feedback","test","null","","","na","","214","",""
"888.5","517953","HierDyur4yhlzo","sub02","02","3","rl","test","72","img/o_t_check.png","5","72","color,shape,pattern","215","1",""
"null","518957","HierDyur4yhlzo","sub02","02","3","feedback","test","null","","","na","","215","",""
"1311.5","520271","HierDyur4yhlzo","sub02","02","3","rl","test","83","img/p_t_diag.png","2","83","color,shape,pattern","216","1",""
"null","521274","HierDyur4yhlzo","sub02","02","3","feedback","test","null","","","na","","216","",""
"721.2000000029802","521998","HierDyur4yhlzo","sub02","02","3","rl","test","83","img/p_t_diag.png","2","83","color,shape,pattern","217","1",""
"null","523003","HierDyur4yhlzo","sub02","02","3","feedback","test","null","","","na","","217","",""
"2232.5","525237","HierDyur4yhlzo","sub02","02","3","rl","test","76","img/p_d_diag.png","4","70","color,shape,pattern","218","0",""
"null","526244","HierDyur4yhlzo","sub02","02","3","feedback","test","null","","","na","","218","",""
"493.70000000298023","526740","HierDyur4yhlzo","sub02","02","3","rl","test","76","img/o_d_diag.png","8","76","color,shape,pattern","219","1",""
"null","527744","HierDyur4yhlzo","sub02","02","3","feedback","test","null","","","na","","219","",""
"576.8999999910593","528323","HierDyur4yhlzo","sub02","02","3","rl","test","83","img/o_d_check.png","7","75","color,shape,pattern","220","0",""
"null","529330","HierDyur4yhlzo","sub02","02","3","feedback","test","null","","","na","","220","",""
"1286.5","530619","HierDyur4yhlzo","sub02","02","3","rl","test","72","img/o_t_check.png","5","72","color,shape,pattern","221","1",""
"null","531626","HierDyur4yhlzo","sub02","02","3","feedback","test","null","","","na","","221","",""
"1479.2999999970198","533107","HierDyur4yhlzo","sub02","02","3","rl","test","74","img/o_t_diag.png","6","74","color,shape,pattern","222","1",""
"null","534112","HierDyur4yhlzo","sub02","02","3","feedback","test","null","","","na","","222","",""
"855.3999999910593","534970","HierDyur4yhlzo","sub02","02","3","rl","test","68","img/p_d_check.png","3","68","color,shape,pattern","223","1",""
"null","535974","HierDyur4yhlzo","sub02","02","3","feedback","test","null","","","na","","223","",""
"1641.9000000059605","537619","HierDyur4yhlzo","sub02","02","3","rl","test","72","img/o_t_check.png","5","72","color,shape,pattern","224","1",""
"null","538624","HierDyur4yhlzo","sub02","02","3","feedback","test","null","","","na","","224","",""
"1448.5999999940395","540074","HierDyur4yhlzo","sub02","02","3","rl","test","74","img/o_t_diag.png","6","74","color,shape,pattern","225","1",""
"null","541081","HierDyur4yhlzo","sub02","02","3","feedback","test","null","","","na","","225","",""
"920.5999999940395","542004","HierDyur4yhlzo","sub02","02","3","rl","test","65","img/p_t_check.png","1","65","color,shape,pattern","226","1",""
"null","543011","HierDyur4yhlzo","sub02","02","3","feedback","test","null","","","na","","226","",""
"2079.1000000089407","545093","HierDyur4yhlzo","sub02","02","3","rl","test","68","img/p_t_diag.png","2","83","color,shape,pattern","227","0",""
"null","546100","HierDyur4yhlzo","sub02","02","3","feedback","test","null","","","na","","227","",""
"718.2000000029802","546820","HierDyur4yhlzo","sub02","02","3","rl","test","68","img/p_d_check.png","3","68","color,shape,pattern","228","1",""
"null","547825","HierDyur4yhlzo","sub02","02","3","feedback","test","null","","","na","","228","",""
"915.5999999940395","548742","HierDyur4yhlzo","sub02","02","3","rl","test","75","img/o_d_check.png","7","75","color,shape,pattern","229","1",""
"null","549749","HierDyur4yhlzo","sub02","02","3","feedback","test","null","","","na","","229","",""
"1393.9000000059605","551145","HierDyur4yhlzo","sub02","02","3","rl","test","70","img/p_d_diag.png","4","70","color,shape,pattern","230","1",""
"null","552149","HierDyur4yhlzo","sub02","02","3","feedback","test","null","","","na","","230","",""
"654.2000000029802","552806","HierDyur4yhlzo","sub02","02","3","rl","test","70","img/p_d_diag.png","4","70","color,shape,pattern","231","1",""
"null","553812","HierDyur4yhlzo","sub02","02","3","feedback","test","null","","","na","","231","",""
"1804.8999999910593","555619","HierDyur4yhlzo","sub02","02","3","rl","test","72","img/p_t_check.png","1","65","color,shape,pattern","232","0",""
"null","556626","HierDyur4yhlzo","sub02","02","3","feedback","test","null","","","na","","232","",""
"881.5","557510","HierDyur4yhlzo","sub02","02","3","rl","test","74","img/o_t_diag.png","6","74","color,shape,pattern","233","1",""
"null","558517","HierDyur4yhlzo","sub02","02","3","feedback","test","null","","","na","","233","",""
"1985.300000011921","560505","HierDyur4yhlzo","sub02","02","3","rl","test","76","img/o_d_diag.png","8","76","color,shape,pattern","234","1",""
"null","561512","HierDyur4yhlzo","sub02","02","3","feedback","test","null","","","na","","234","",""
"2405.5","563920","HierDyur4yhlzo","sub02","02","3","rl","test","68","img/p_d_check.png","3","68","color,shape,pattern","235","1",""
"null","564927","HierDyur4yhlzo","sub02","02","3","feedback","test","null","","","na","","235","",""
"1429.0999999940395","566358","HierDyur4yhlzo","sub02","02","3","rl","test","65","img/p_t_check.png","1","65","color,shape,pattern","236","1",""
"null","567362","HierDyur4yhlzo","sub02","02","3","feedback","test","null","","","na","","236","",""
"2244.2000000029802","569608","HierDyur4yhlzo","sub02","02","3","rl","test","75","img/o_d_check.png","7","75","color,shape,pattern","237","1",""
"null","570612","HierDyur4yhlzo","sub02","02","3","feedback","test","null","","","na","","237","",""
"null","573119","HierDyur4yhlzo","sub02","02","3","rl","test","null","img/p_t_diag.png","2","83","color,shape,pattern","238","0",""
"null","574122","HierDyur4yhlzo","sub02","02","3","feedback","test","null","","","na","","238","",""
"1391.7000000029802","575516","HierDyur4yhlzo","sub02","02","3","rl","test","72","img/o_t_check.png","5","72","color,shape,pattern","239","1",""
"null","576519","HierDyur4yhlzo","sub02","02","3","feedback","test","null","","","na","","239","",""
"1771.2000000029802","578292","HierDyur4yhlzo","sub02","02","3","rl","test","76","img/o_d_diag.png","8","76","color,shape,pattern","240","1",""
"null","579298","HierDyur4yhlzo","sub02","02","3","feedback","test","null","","","na","","240","",""
"1823.2000000029802","581123","HierDyur4yhlzo","sub02","02","3","rl","test","72","img/o_t_check.png","5","72","color,shape,pattern","241","1",""
"null","582130","HierDyur4yhlzo","sub02","02","3","feedback","test","null","","","na","","241","",""
"1148.2000000029802","583280","HierDyur4yhlzo","sub02","02","3","rl","test","75","img/o_d_check.png","7","75","color,shape,pattern","242","1",""
"null","584287","HierDyur4yhlzo","sub02","02","3","feedback","test","null","","","na","","242","",""
"1879.2000000029802","586168","HierDyur4yhlzo","sub02","02","3","rl","test","74","img/o_t_diag.png","6","74","color,shape,pattern","243","1",""
"null","587174","HierDyur4yhlzo","sub02","02","3","feedback","test","null","","","na","","243","",""
"563.5999999940395","587740","HierDyur4yhlzo","sub02","02","3","rl","test","76","img/o_d_diag.png","8","76","color,shape,pattern","244","1",""
"null","588744","HierDyur4yhlzo","sub02","02","3","feedback","test","null","","","na","","244","",""
"1282.0999999940395","590028","HierDyur4yhlzo","sub02","02","3","rl","test","83","img/p_t_diag.png","2","83","color,shape,pattern","245","1",""
"null","591035","HierDyur4yhlzo","sub02","02","3","feedback","test","null","","","na","","245","",""
"813.4000000059605","591850","HierDyur4yhlzo","sub02","02","3","rl","test","70","img/p_d_diag.png","4","70","color,shape,pattern","246","1",""
"null","592856","HierDyur4yhlzo","sub02","02","3","feedback","test","null","","","na","","246","",""
"2295.9000000059605","595154","HierDyur4yhlzo","sub02","02","3","rl","test","65","img/p_d_check.png","3","68","color,shape,pattern","247","0",""
"null","596161","HierDyur4yhlzo","sub02","02","3","feedback","test","null","","","na","","247","",""
"936.5","597099","HierDyur4yhlzo","sub02","02","3","rl","test","70","img/p_d_diag.png","4","70","color,shape,pattern","248","1",""
"null","598106","HierDyur4yhlzo","sub02","02","3","feedback","test","null","","","na","","248","",""
"22945.29999999702","621057","HierDyur4yhlzo","sub02","02","3","","","","","","","","","","{""Q0"":""6""}"
"72711.89999999106","693773","HierDyur4yhlzo","sub02","02","3","","","","","","","","","","{""Q0"":""I remembered where the patterns were from yesterday and I used the same strategy from yesterday which was corresponding the color purple with the left hand and the color orange with the right hand and corresponding the four fingers on each hand with the striped diamond, checkered diamond, striped triangle, and checkered triangle from right to left on each hand respectively. I also made sure to concentrate on my mistakes and make sure I didn't accidentally press wrong keys. ""}"
"5144.70000000298","698919","HierDyur4yhlzo","sub02","02","3","","","","","","","","","",""
